1672953771128992575
1672953771133992575
1672953771138992575
1672953771143992575
1672953771151492575
1672953771161492575
1672953771171492575
1672953771181492575
1672953771173992575
1672953771148992575
1672953771188992575
1672953771191492575
1672953771196492575
1672953771203992575
1672953771218992575
1672953771153992575
1672953771216492575
1672953771218992575
1672953771236492575
1672953771233992575
1672953771201492575
1672953771243992575
1672953771256492575
1672953771248992575
1672953771268992575
1672953771276492575
1672953771296492575
1672953771293992575
1672953771318992575
1672953771343992575
0
0
0
0
0
0
0
0
0
0
0
0
0
0
0
0
0
0
0
0
