1672837808361789623
1672837808366789623
1672837808376789623
1672837808371789623
1672837808381789623
1672837808384289623
1672837808394289623
1672837808424289623
1672837808414289623
1672837808404289623
1672837808386789623
1672837808436789623
1672837808406789623
1672837808421789623
1672837808451789623
1672837808466789623
1672837808449289623
1672837808434289623
1672837808469289623
1672837808429289623
1672837808489289623
1672837808481789623
1672837808476789623
1672837808451789623
1672837808509289623
1672837808501789623
1672837808529289623
1672837808526789623
1672837808551789623
1672837808576789623
0
0
0
0
0
0
0
0
0
0
0
0
0
0
0
0
0
0
0
0
