1672788222435528156
1672788222440528156
1672788222450528156
1672788222445528156
1672788222458028156
1672788222468028156
1672788222478028156
1672788222488028156
1672788222480528156
1672788222455528156
1672788222495528156
1672788222460528156
1672788222503028156
1672788222510528156
1672788222525528156
1672788222498028156
1672788222523028156
1672788222525528156
1672788222508028156
1672788222543028156
1672788222540528156
1672788222550528156
1672788222563028156
1672788222555528156
1672788222575528156
1672788222583028156
1672788222603028156
1672788222600528156
1672788222625528156
1672788222650528156
0
0
0
0
0
0
0
0
0
0
0
0
0
0
0
0
0
0
0
0
